21
61
101
121
125
127
141
182
201
241
283
285
286
290
291
293
294
295
296
301
302
303
304
305
308
341
361
362
363
364
365
381
401
421
461
481
482
483
484
485
486
487
488
489
490
504
507
509
510
514
515
521
523
525
527
528
529
530
531
532
533
534
535
536
537
538
539
540
541
542
543
544
545
546
547
548
549
550
551
552
553
554
555
556
557
558
559
560
561
562
563
564
565
566
568
569
570
571
572
573
574
575
576
577
578
579
580
581
582
583
584
585
586
587
588
590
592
593
594
595
596
597
600
603
605
626
627
629
632
633
634
640
641
647
648
650
651
652
653
654
655
656
657
658
660
661
662
663
664
665
666
667
668
669
670
671
672
673
674
675
676
677
678
679
681
682
684
685
686
687
701
721
761
781
801
802
804
841
842
843
845
846
847
848
849
850
851
852
853
855
856
861
862
863
864
865
867
881
921
941
942
943
944
945
946
947
948
949
961
962
963
966
981
1001
1002
1003
1004
1021
1041
1043
1061
1062
1064
1065
1066
1067
1081
1082
1101
1122
1123
1124
1125
1126
1127
1128
1129
1130
1131
1132
1133
1134
1135
1136
1145
1146
1147
1148
1149
1150
1165
1166
1167
1168
1185
1186
1187
1205
1206
1207
1208
1209
1210
1212
1213
1214
1215
1217
1219
1220
1222
1223
1224
1226
1227
1228
1229
1230
1231
1232
1234
1235
1236
1237
1238
1239
1240
1242
1244
1245
1246
1247
1248
1249
1250
1251
1252
1253
1254
1255
1256
1257
1258
1259
1260
1261
1262
1263
1264
1266
1267
1268
1269
1305
1306
1308
1309
1310
1311
1312
1325
1326
1327
1328
1329
1330
1332
1333
1334
1335
1347
1349
1350
1351
1352
1353
1354
1356
1357
1358
1359
1360
1361
1363
1364
1365
1368
1369
1370
1371
1372
1373
1374
1375
1376
1377
1378
1379
1380
1381
1382
1383
1384
1405
1407
1408
1409
1410
1411
1412
1414
1415
1418
1419
1420
1422
1424
1425
1426
1427
1428
1429
1430
1431
1432
1433
1434
1435
1436
1437
1439
1440
1441
1442
1445
1446
1447
1448
1449
1450
1451
1452
1453
1454
1456
1457
1458
1459
1460
1462
1463
1464
1465
1466
1467
1468
1470
1471
1472
1473
1485
1486
1487
1488
1505
1506
1507
1508
1509
1510
1511
1512
1513
1514
1515
1516
1517
1518
1519
1520
1526
1527
1528
1529
1530
1531
1532
1533
1534
1536
1537
1538
1565
1566
1567
1568
1570
1571
1572
1573
1574
1575
1577
1578
1579
1580
1581
1582
1584
1586
1588
1590
1591
1592
1593
1595
1596
1597
1598
1599
1601
1602
1604
1607
1609
1610
1612
1613
1614
1616
1617
1618
1619
1620
1621
1622
1623
1624
1626
1627
1628
1629
1630
1632
1634
1635
1636
1637
1638
1639
1640
1641
1642
1644
1646
1647
1648
1649
1650
1651
1652
1653
1654
1666
1667
1668
1672
1673
1674
1675
1676
1677
1678
1679
1680
1681
1682
1683
1684
1685
1686
1687
1688
1689
1691
1692
1693
1694
1695
1696
1705
1708
1710
1714
1715
1716
1717
1718
1720
1721
1728
1730
1731
1732
1733
1734
1735
1736
1738
1739
1740
1741
1743
1744
1745
1747
1748
1749
1751
1752
1753
1754
1755
1757
1758
1759
1760
1761
1762
1763
1764
1765
1766
1786
1787
1788
1789
1790
1791
1792
1806
1807
1808
1809
1810
1811
1812
1813
1814
1815
1825
1845
1846
1847
1849
1850
1851
1852
1853
1854
1855
1856
1857
1859
1860
1862
1863
1864
1865
1885
1886
1887
1889
1890
1891
1892
1894
1895
1897
1899
1900
1901
1902
1905
1907
1908
1909
1910
1911
1912
1913
1914
1915
1916
1917
1918
1919
1920
1921
1922
1923
1924
1925
1926
1929
1930
1932
1933
1934
1935
1936
1937
1938
1939
1947
1948
1949
1950
1951
1953
1954
1955
1956
1957
1958
1959
1960
1961
1965
1986
1987
1988
1989
1990
1991
1992
2005
2006
2007
2008
2009
2011
2012
2013
2025
2026
2027
2028
2029
2030
2031
2032
2034
2046
2047
2049
2050
2051
2052
2053
2054
2055
2056
2057
2060
2061
2062
2063
2064
2065
2066
2085
2086
2087
2088
2089
2090
2091
2092
2093
2094
2105
2110
2111
2113
2114
2115
2116
2117
2118
2119
2120
2121
2122
2123
2124
2125
2127
2129
2131
2132
2137
2139
2140
2141
2143
2144
2145
2146
2147
2148
2150
2151
2152
2153
2154
2155
2157
2158
2159
2160
2161
2163
2165
2166
2167
2168
2174
2175
2176
2178
2187
2188
2205
2206
2207
2209
2210
2211
2213
2214
2215
2216
2217
2218
2219
2220
2221
2222
2223
2224
2225
2226
2227
2228
2229
2245
2246
2265
2266
2267
2268
2269
2270
2271
2272
2273
2274
2276
2277
2278
2279
2280
2281
2282
2283
2284
2285
2287
2288
2289
2290
2291
2292
2293
2295
2296
2297
2299
2300
2305
2306
2307
2308
2309
2310
2311
2312
2314
2315
2316
2317
2325
2327
2329
2330
2345
2346
2347
2365
2366
2367
2368
2369
2370
2371
2372
2373
2374
2375
2376
2377
2379
2385
2405
2425
2427
2428
2429
2430
2431
2432
2434
2436
2440
2441
2442
2445
2446
2447
2448
2449
2450
2451
2452
2453
2455
2465
2466
2485
2487
2488
2489
2490
2505
2506
2508
2509
2510
2511
2512
2513
2514
2515
2516
2517
2518
2519
2520
2525
2526
2527
2528
2529
2545
2546
2547
2548
2549
2550
2551
2552
2553
2554
2555
2556
2557
2558
2559
2560
2561
2562
2563
2564
2565
2566
2567
2568
2569
2570
2571
2572
2573
2574
2575
2576
2577
2578
2579
2580
2581
2582
2583
2584
2585
2586
2587
2588
2589
2590
2591
2592
2593
2594
2595
2596
2597
2598
2605
2606
2607
2608
2625
2645
2646
2647
2648
2649
2650
2651
2652
2653
2665
2668
2669
2670
2671
2672
2673
2675
2676
2677
2678
2679
2680
2681
2685
2686
2688
2689
2690
2691
2692
2693
2694
2695
2696
2697
2698
2700
2701
2702
2703
2704
2705
2706
2707
2708
2709
2710
2711
2712
2713
2714
2715
2716
2717
2718
2719
2720
2721
2723
2724
2725
2726
2727
2728
2729
2730
2732
2734
2737
2738
2739
2741
2742
2744
2746
2748
2749
2750
2751
2752
2753
2754
2756
2757
2759
2760
2762
2766
2767
2769
2770
2773
2774
2775
2776
2777
2778
2779
2780
2781
2782
2783
2784
2786
2787
2788
2789
2790
2791
2792
2793
2794
2795
2796
2797
2798
2799
2800
2801
2802
2803
2804
2805
2825
2826
2827
2828
2829
2830
2831
2832
2833
2834
2836
2845
2846
2849
2850
2887
2891
2893
2894
2896
2897
2898
2899
2902
2905
2906
2907
2909
2910
2911
2912
2913
2914
2915
2919
2920
2921
2924
2925
2926
2945
2949
2951
2952
2953
2954
2955
2956
2957
2959
2960
2961
2962
2963
2964
2965
2968
2969
2970
2971
2972
2974
2975
2976
2980
2981
2982
2984
2985
2988
2990
2991
2992
2993
2994
2996
2997
2998
3001
3002
3003
3004
3005
3006
3007
3008
3009
3010
3011
3012
3013
3014
3015
3016
3017
3018
3019
3020
3021
3022
3024
3025
3029
3032
3033
3034
3038
3039
3040
3041
3042
3043
3044
3046
3047
3048
3049
3051
3052
3053
3054
3055
3056
3065
3066
3067
3068
3069
3070
3085
3086
3087
3090
3091
3092
3093
3094
3097
3098
3099
3100
3101
3102
3103
3106
3107
3110
3111
3113
3114
3116
3117
3122
3124
3125
3127
3128
3129
3130
3132
3133
3134
3136
3137
3138
3139
3140
3142
3144
3145
3146
3148
3149
3150
3151
3152
3155
3156
3157
3158
3159
3160
3161
3162
3163
3164
3165
3166
3170
3171
3173
3174
3175
3176
3177
3178
3179
3180
3181
3182
3188
3189
3191
3192
3193
3196
3197
3198
3201
3202
3203
3206
3207
3208
3210
3211
3212
3214
3216
3217
3218
3219
3220
3222
3228
3229
3231
3232
3233
3235
3236
3237
3239
3240
3241
3243
3246
3247
3248
3249
3250
3252
3255
3257
3258
3260
3261
3262
3263
3265
3267
3269
3271
3272
3273
3274
3275
3276
3277
3278
3279
3280
3281
3282
3283
3284
3305
3307
3308
3309
3310
3312
3315
3317
3319
3321
3322
3323
3324
3325
3326
3328
3329
3330
3332
3334
3335
3336
3338
3339
3340
3341
3342
3344
3345
3346
3347
3348
3349
3351
3352
3354
3355
3356
3359
3360
3362
3363
3366
3367
3368
3371
3372
3373
3375
3376
3379
3380
3382
3383
3384
3385
3387
3388
3391
3392
3393
3395
3396
3397
3398
3399
3400
3402
3403
3404
3405
3406
3409
3410
3412
3413
3414
3415
3417
3419
3423
3424
3425
3426
3427
3428
3429
3431
3432
3433
3435
3436
3437
3440
3441
3442
3443
3444
3446
3447
3448
3451
3452
3453
3454
3457
3458
3459
3460
3465
3466
3467
3468
3471
3472
3487
3489
3490
3494
3495
3496
3497
3499
3501
3502
3504
3505
3506
3507
3508
3509
3512
3513
3514
3517
3518
3519
3520
3521
3522
3523
3524
3525
3526
3527
3528
3530
3532
3537
3538
3539
3540
3541
3543
3544
3545
3565
3566
3567
3568
3569
3570
3571
3572
3573
3574
3575
3576
3578
3579
3581
3582
3584
3585
3591
3592
3593
3594
3595
3596
3597
3599
3600
3605
3626
3645
3665
3685
3686
3690
3691
3692
3693
3694
3697
3698
3699
3700
3701
3703
3705
3725
3745
3765
3785
3786
3787
3788
3789
3790
3792
3793
3794
3795
3797
3798
3799
3800
3801
3802
3803
3806
3807
3808
3809
3812
3813
3814
3815
3816
3817
3818
3819
3829
3832
3833
3834
3835
3836
3839
3840
3842
3845
3847
3849
3851
3852
3856
3857
3858
3859
3864
3865
3866
3869
3871
3872
3876
3878
3879
3880
3883
3885
3887
3888
3890
3891
3892
3893
3895
3896
3897
3898
3899
3901
3902
3903
3904
3905
3906
3907
3908
3909
3910
3911
3912
3913
3918
3921
3922
3924
3925
3927
3931
3932
3936
3937
3938
3943
3944
3945
3948
3950
3952
3953
3956
3960
3962
3964
3965
3966
3968
3969
3970
3971
3972
3974
3975
3976
3978
3979
3981
3982
3984
3987
3990
3995
3996
3999
4001
4002
4003
4004
4005
4006
4007
4008
4009
4010
4012
4014
4015
4018
4019
4020
4021
4023
4024
4025
4026
4027
4029
4045
4047
4050
4052
4053
4056
4057
4058
4059
4060
4061
4062
4064
4065
4066
4067
4069
4070
4071
4076
4077
4078
4079
4080
4082
4084
4085
4086
4087
4088
4090
4091
4092
4093
4094
4095
4096
4103
4104
4105
4106
4108
4109
4113
4115
4117
4118
4119
4120
4122
4123
4124
4126
4127
4130
4131
4132
4133
4135
4142
4144
4147
4148
4149
4150
4155
4156
4157
4159
4160
4161
4163
4166
4167
4169
4171
4172
4173
4174
4176
4178
4179
4181
4182
4184
4186
4188
4189
4190
4191
4193
4194
4195
4196
4197
4198
4199
4200
4201
4202
4203
4204
4207
4210
4211
4213
4214
4215
4225
4226
4227
4230
4231
4232
4235
4239
4240
4241
4242
4246
4248
4249
4250
4251
4254
4255
4256
4257
4258
4259
4260
4261
4262
4263
4265
4266
4267
4270
4271
4273
4274
4275
4276
4278
4279
4280
4281
4282
4288
4291
4292
4294
4295
4297
4298
4299
4300
4302
4305
4306
4308
4309
4311
4312
4314
4315
4317
4321
4325
4327
4328
4329
4330
4332
4333
4335
4337
4338
4339
4340
4341
4345
4346
4350
4352
4353
4354
4355
4357
4358
4359
4361
4363
4364
4365
4367
4368
4369
4370
4373
4374
4375
4378
4379
4380
4381
4382
4384
4385
4386
4389
4390
4393
4394
4395
4396
4397
4399
4401
4402
4403
4404
4406
4408
4409
4414
4415
4416
4423
4427
4428
4429
4432
4438
4439
4440
4441
4444
4445
4446
4448
4449
4450
4451
4453
4456
4461
4462
4463
4464
4465
4468
4472
4475
4476
4478
4479
4480
4482
4483
4484
4485
4486
4488
4489
4490
4494
4495
4496
4498
4500
4503
4508
4509
4510
4511
4512
4515
4516
4523
4524
4528
4530
4531
4533
4534
4535
4536
4537
4540
4541
4542
4543
4545
4565
4567
4569
4570
4571
4572
4573
4585
4586
4587
4588
4589
4590
4592
4593
4595
4596
4597
4598
4599
4600
4601
4603
4604
4607
4608
4610
4612
4613
4614
4615
4616
4617
4618
4619
4620
4621
4622
4625
4626
4627
4630
4633
4636
4642
4643
4644
4645
4646
4647
4648
4650
4653
4654
4655
4657
4658
4659
4660
4663
4667
4668
4669
4670
4672
4673
4676
4677
4679
4680
4682
4686
4687
4689
4690
4692
4693
4694
4695
4698
4699
4704
4707
4708
4709
4710
4711
4712
4714
4715
4717
4719
4727
4730
4731
4732
4734
4736
4741
4742
4744
4745
4746
4748
4765
4769
4772
4773
4774
4775
4779
4780
4785
4786
4787
4789
4793
4805
4825
4826
4831
4834
4836
4837
4838
4851
4852
4853
4854
4857
4859
4861
4862
4864
4866
4867
4870
4871
4873
4877
4878
4879
4880
4881
4883
4884
4885
4887
4890
4891
4892
4894
4896
4898
4899
4900
4901
4902
4904
4906
4907
4908
4909
4910
4911
4912
4913
4914
4915
4918
4919
4920
4921
4925
4927
4928
4929
4930
4931
4934
4936
4937
4938
4939
4940
4943
4944
4946
4948
4949
4950
4952
4953
4954
4955
4960
4961
4964
4965
4966
4967
4968
4969
4971
4972
4973
4974
4975
4976
4977
4978
4979
4980
4984
4985
4986
4987
5005
5007
5008
5009
5011
5012
5013
5014
5015
5016
5017
5018
5019
5020
5021
5022
5023
5024
5025
5026
5027
5028
5029
5030
5031
5032
5033
5034
5035
5036
5042
5046
5047
5048
5049
5051
5052
5053
5054
5055
5056
5057
5059
5060
5062
5063
5064
5065
5066
5067
5068
5069
5070
5071
5072
5073
5076
5077
5078
5079
5080
5081
5082
5083
5087
5092
5093
5094
5095
5098
5099
5100
5101
5103
5107
5111
5114
5115
5125
5128
5129
5131
5132
5134
5145
5146
5147
5148
5149
5151
5152
5153
5155
5158
5159
5162
5166
5168
5170
5172
5173
5175
5177
5180
5181
5185
5188
5190
5191
5192
5193
5194
5205
5225
5226
5245
5246
5247
5248
5249
5252
5257
5259
5285
5286
5287
5288
5289
5290
5293
5295
5298
5300
5301
5303
5305
5306
5307
5309
5310
5311
5312
5314
5315
5316
5317
5318
5323
5324
5325
5326
5327
5328
5329
5330
5332
5334
5335
5336
5337
5338
5339
5341
5342
5343
5345
5346
5349
5350
5353
5354
5357
5358
5360
5361
5362
5363
5365
5367
5368
5370
5374
5376
5377
5378
5386
5389
5392
5394
5395
5396
5401
5402
5403
5404
5408
5409
5410
5411
5412
5413
5415
5419
5420
5421
5422
5424
5425
5426
5427
5429
5431
5432
5433
5445
5447
5448
5449
5451
5452
5465
5467
5509
5510
5511
5513
5525
5546
5548
5549
5554
5555
5556
5557
5558
5560
5561
5562
5563
5565
5566
5568
5588
5592
5606
5607
5608
5609
5610
5611
5613
5614
5618
5619
5620
5621
5623
5624
5625
5627
5628
5630
5631
5632
5633
5634
5636
5637
5638
5639
5640
5641
5642
5643
5644
5645
5646
5647
5648
5650
5651
5652
5653
5655
5656
5657
5658
5659
5660
5663
5664
5666
5667
5668
5670
5672
5673
5674
5675
5676
5677
5678
5679
5680
5681
5682
5683
5684
5685
5686
5687
5688
5689
5690
5691
5692
5693
5694
5695
5696
5697
5700
5702
5703
5704
5706
5707
5708
5709
5710
5711
5712
5725
5726
5727
5745
5765
5805
5808
5810
5811
5812
5825
5845
5846
5848
5855
5866
5867
5870
5871
5872
5873
5874
5876
5877
5878
5879
5881
5882
5883
5884
5885
5886
5925
5926
5929
5930
5931
5932
5934
5935
5937
5938
5945
5946
5947
5948
5965
5986
5987
5988
5989
5990
5991
5992
5993
5994
5995
5997
5998
5999
6000
6006
6025
6029
6030
6031
6032
6035
6036
6037
6038
6039
6045
6046
6065
6085
6105
6106
6107
6108
6146
6149
6150
6169
6189
6193
6195
6196
6197
6198
6199
6200
6202
6203
6229
6250
6269
6270
6271
6272
6273
6310
6329
6349
6350
6351
6352
6449
6469
6509
6510
6511
6512
6513
6569
6589
6609
6630
6631
6632
6649
6650
6651
6652
6653
6654
6656
6657
6658
6659
6660
6661
6662
6663
6664
6666
6667
6668
6669
6670
6671
6672
6673
6674
6675
6676
6677
6678
6679
6680
6681
6682
6683
6684
6685
6686
6687
6688
6689
6690
6691
6692
6693
6694
6695
6696
6697
6698
6699
6700
6701
6704
6705
6706
6707
6708
6709
6710
6711
6712
6713
6714
6715
6717
6718
6719
6720
6721
6722
6723
6724
6725
6726
6727
6728
6729
6730
6731
6732
6733
6734
6736
6738
6739
6740
6741
6742
6743
6744
6745
6746
6747
6770
6772
6773
6774
6775
6776
6777
6778
6779
6780
6781
6782
6783
6784
6785
6786
6787
6788
6789
6790
6791
6792
6793
6794
6796
6797
6798
6799
6800
6801
6802
6803
6804
6805
6806
6807
6808
6809
6810
6811
6812
6909
6949
6969
6990
6991
6993
6994
6996
6997
6998
6999
7000
7001
7002
7003
7004
7005
7006
7007
7069
7109
7110
7111
7112
7113
7114
7115
7116
7117
7118
7119
7170
7171
7172
7173
7175
7176
7177
7178
7179
7180
7181
7182
7184
7185
7186
7187
7189
7190
7191
7192
7193
7209
7229
7230
7249
7250
7251
7252
7253
7254
7256
7289
7290
7309
7329
7352
7353
7354
7355
7356
7357
7358
7359
7360
7361
7362
7369
7371
7372
7373
7374
7389
7409
7452
7489
7569
7589
7590
7591
7649
7709
7710
7711
7712
7713
7714
7715
7716
7717
7750
7769
7810
7811
7829
7849
7870
7871
7929
7930
7931
7932
7933
7934
7935
7936
7949
7969
7989
8009
8030
8049
8069
8089
8090
8091
8111
8112
8113
8114
8115
8116
8117
8118
8119
8120
8121
8122
8123
8124
8125
8126
8127
8128
8129
8172
8194
8195
8198
8199
8234
8249
8329
8330
8349
8369
8390
8409
8429
8451
8452
8469
8489
8490
8509
8529
8530
8549
8550
8551
8552
8553
8554
8555
8556
8557
8558
8569
8570
8571
8589
8590
8591
8592
8593
8594
8595
8596
8598
8599
8600
8601
8602
8603
8609
8629
8630
8631
8649
8689
8709
8731
8732
8733
8734
8735
8736
8737
8738
8739
8740
8741
8742
8749
8769
8789
8790
8791
8792
8793
8794
8809
8829
8849
8869
8889
8909
8929
8949
8969
8989
9011
9029
9049
9069
9070
9071
9072
9089
9109
9129
9149
9169
9170
9171
9229
9249
9250
9251
9269
9289
9290
9309
9329
9330
9389
9409
9429
9449
9469
9470
9489
9490
9509
9529
9549
9569
9570
9589
9629
9630
9649
9669
9689
9709
9729
9749
9769
9789
9809
9829
9849
9850
9851
9869
9870
9871
9872
9873
9874
9909
9929
9949
9950
9969
10009
10029
10069
10070
10071
10072
10073
10074
10089
10109
10129
10149
10169
10189
10209
10229
10249
10269
10289
10309
10310
10329
10330
10349
10369
10374
10377
10378
10413
10414
10415
10417
10421
10424
10425
10427
10429
10430
10431
10434
10437
10439
10441
10442
10444
10445
10450
10452
10453
10454
10455
10457
10458
10461
10462
10463
10464
10465
10466
10467
10470
10471
10472
10473
10474
10475
10479
10480
10481
10482
10485
10488
10489
10492
10493
10494
10495
10499
10500
10501
10502
10503
10509
10517
10518
10519
10520
10521
10522
10523
10524
10525
10526
10527
10528
10529
10530
10531
10532
10533
10534
10535
10536
10537
10538
10539
10540
10541
10542
10544
10545
10546
10547
10548
10549
10550
10551
10552
10553
10554
10555
10556
10557
10558
10559
10560
10561
10563
10564
10565
10566
10567
10568
10570
10571
10572
10574
10575
10576
10577
10578
10579
10580
10581
10582
10583
10584
10585
10586
10587
10588
10589
10590
10591
10592
10593
10594
10595
10597
10598
10600
10601
10602
10603
10604
10605
10606
10607
10608
10609
10610
10611
10612
10613
10614
10615
10616
10617
10618
10619
10620
10621
10622
10623
10624
10625
10626
10628
10629
10630
10631
10632
10633
10634
10635
10636
10637
10638
10639
10640
10641
10642
10643
10644
10645
10646
10647
10648
10649
10650
10651
10652
10653
10654
10655
10656
10657
10658
10659
10661
10662
10663
10664
10665
10666
10667
10668
10669
10670
10671
10672
10673
10674
10675
10676
10677
10678
10679
10680
10681
10682
10683
10684
10685
10686
10687
10688
10689
10690
10691
10692
10693
10694
10695
10696
10697
10698
10699
10700
